#Layer_Color=32768
#
#Feature symbol names
#
$0 r10
$1 r3.937
$2 r1.9685

#
#Feature attribute names
#

#
#Layer features
#
A 0.655 0.325 0.655 0.325 0.33 0.325 0 P 0 N
L 0.1094389 0.3068503 0.1094389 0.4131496 2 P 0
L 0.1094389 0.3068503 0.168494 0.3068503 2 P 0
L 0.1094389 0.4131496 0.168494 0.4131496 2 P 0
L 0.1202656 0.36 0.1576672 0.36 1 P 0
L 0.1389664 0.3412992 0.1389664 0.3787007 1 P 0
L 0.1424804 0.1118504 0.1424804 0.1827165 2 P 0
L 0.1424804 0.1118504 0.1662993 0.1118504 2 P 0
L 0.1424804 0.1827165 0.1662993 0.1827165 2 P 0
L 0.1662993 0.0638189 0.1662993 0.1118504 2 P 0
L 0.1662993 0.0638189 0.4930709 0.0638189 2 P 0
L 0.1662993 0.1827165 0.1662993 0.2945276 2 P 0
L 0.1662993 0.2945276 0.4930709 0.2945276 2 P 0
L 0.168494 0.3068503 0.168494 0.4131496 2 P 0
L 0.1795077 0.4288976 0.1795077 0.594252 2 P 0
L 0.1795077 0.4288976 0.317303 0.4288976 2 P 0
L 0.1795077 0.594252 0.317303 0.594252 2 P 0
L 0.1804724 0.306683 0.1804724 0.4129822 2 P 0
L 0.1804724 0.306683 0.2395275 0.306683 2 P 0
L 0.1804724 0.4129822 0.2395275 0.4129822 2 P 0
L 0.1854724 0.4768504 0.1854724 0.5831496 2 P 0
L 0.1854724 0.4768504 0.2445275 0.4768504 2 P 0
L 0.1854724 0.5831496 0.2445275 0.5831496 2 P 0
L 0.1912992 0.3598326 0.2287007 0.3598326 1 P 0
L 0.1962992 0.53 0.2337007 0.53 1 P 0
L 0.21 0.3411318 0.21 0.3785334 1 P 0
L 0.215 0.5112992 0.215 0.5487008 1 P 0
L 0.2287203 0.5115748 0.2680904 0.5115748 1 P 0
L 0.2395275 0.306683 0.2395275 0.4129822 2 P 0
L 0.2445275 0.4768504 0.2445275 0.5831496 2 P 0
L 0.2484054 0.4918898 0.2484054 0.5312598 1 P 0
L 0.2966336 0.3578639 0.2966336 0.416919 2 P 0
L 0.2966336 0.3578639 0.4029329 0.3578639 2 P 0
L 0.2966336 0.416919 0.4029329 0.416919 2 P 0
L 0.317303 0.4288976 0.317303 0.594252 2 P 0
L 0.3310825 0.3873915 0.368484 0.3873915 1 P 0
L 0.3361711 0.4288975 0.3361711 0.5942519 2 P 0
L 0.3361711 0.4288975 0.4739665 0.4288975 2 P 0
L 0.3361711 0.5942519 0.4739665 0.5942519 2 P 0
L 0.3497833 0.3686907 0.3497833 0.4060923 1 P 0
L 0.3853837 0.5115747 0.4247538 0.5115747 1 P 0
L 0.4029329 0.3578639 0.4029329 0.416919 2 P 0
L 0.4050688 0.4918897 0.4050688 0.5312597 1 P 0
L 0.4104724 0.4787107 0.4104724 0.5850099 2 P 0
L 0.4104724 0.4787107 0.4695275 0.4787107 2 P 0
L 0.4104724 0.5850099 0.4695275 0.5850099 2 P 0
L 0.4149114 0.3106198 0.4149114 0.4169191 2 P 0
L 0.4149114 0.3106198 0.4739665 0.3106198 2 P 0
L 0.4149114 0.4169191 0.4739665 0.4169191 2 P 0
L 0.4212992 0.5318603 0.4587007 0.5318603 1 P 0
L 0.4257381 0.3637695 0.4631397 0.3637695 1 P 0
L 0.44 0.5131595 0.44 0.5505611 1 P 0
L 0.4444389 0.3450687 0.4444389 0.3824702 1 P 0
L 0.4695275 0.4787107 0.4695275 0.5850099 2 P 0
L 0.4739665 0.3106198 0.4739665 0.4169191 2 P 0
L 0.4739665 0.4288975 0.4739665 0.5942519 2 P 0
L 0.4800394 0.2077953 0.4800394 0.4322047 2 P 0
L 0.4800394 0.2077953 0.6099607 0.2077953 2 P 0
L 0.4800394 0.4322047 0.6099607 0.4322047 2 P 0
L 0.4859449 0.3854725 0.4859449 0.4445276 2 P 0
L 0.4859449 0.3854725 0.5922442 0.3854725 2 P 0
L 0.4859449 0.4445276 0.5922442 0.4445276 2 P 0
L 0.4918504 0.2304724 0.4918504 0.2895275 2 P 0
L 0.4918504 0.2304724 0.5981496 0.2304724 2 P 0
L 0.4918504 0.2895275 0.5981496 0.2895275 2 P 0
L 0.4918504 0.3144388 0.4918504 0.3734939 2 P 0
L 0.4918504 0.3144388 0.5981496 0.3144388 2 P 0
L 0.4918504 0.3734939 0.5981496 0.3734939 2 P 0
L 0.4930709 0.0638189 0.4930709 0.1118504 2 P 0
L 0.4930709 0.1118504 0.5168898 0.1118504 2 P 0
L 0.4930709 0.1827165 0.4930709 0.2945276 2 P 0
L 0.4930709 0.1827165 0.5168898 0.1827165 2 P 0
L 0.5168898 0.1118504 0.5168898 0.1827165 2 P 0
L 0.5203938 0.415 0.5577953 0.415 1 P 0
L 0.525315 0.32 0.5646851 0.32 1 P 0
L 0.5262992 0.26 0.5637008 0.26 1 P 0
L 0.5262992 0.3439664 0.5637008 0.3439664 1 P 0
L 0.5390945 0.3962992 0.5390945 0.4337008 1 P 0
L 0.545 0.2412992 0.545 0.2787007 1 P 0
L 0.545 0.300315 0.545 0.339685 1 P 0
L 0.545 0.3252656 0.545 0.3626671 1 P 0
L 0.5922442 0.3854725 0.5922442 0.4445276 2 P 0
L 0.5981496 0.2304724 0.5981496 0.2895275 2 P 0
L 0.5981496 0.3144388 0.5981496 0.3734939 2 P 0
L 0.6099607 0.2077953 0.6099607 0.4322047 2 P 0
