#Layer_Color=32768
#
#Feature symbol names
#
$0 r1.9685
$1 r3.937

#
#Feature attribute names
#

#
#Layer features
#
L 0.1821654 0.4468504 0.1821654 0.5177165 0 P 0
L 0.1821654 0.4468504 0.2059843 0.4468504 0 P 0
L 0.1821654 0.5177165 0.2059843 0.5177165 0 P 0
L 0.1954724 0.3118504 0.1954724 0.4181496 0 P 0
L 0.1954724 0.3118504 0.2545275 0.3118504 0 P 0
L 0.1954724 0.4181496 0.2545275 0.4181496 0 P 0
L 0.2054724 0.0918504 0.2054724 0.1981496 0 P 0
L 0.2054724 0.0918504 0.2645275 0.0918504 0 P 0
L 0.2054724 0.1981496 0.2645275 0.1981496 0 P 0
L 0.2059843 0.3988189 0.2059843 0.4468504 0 P 0
L 0.2059843 0.3988189 0.4933858 0.3988189 0 P 0
L 0.2059843 0.5177165 0.2059843 0.6295276 0 P 0
L 0.2059843 0.6295276 0.4933858 0.6295276 0 P 0
L 0.2062992 0.365 0.2437007 0.365 1 P 0
L 0.2162992 0.145 0.2537007 0.145 1 P 0
L 0.225 0.3462992 0.225 0.3837008 1 P 0
L 0.235 0.1262992 0.235 0.1637008 1 P 0
L 0.2545275 0.3118504 0.2545275 0.4181496 0 P 0
L 0.2645275 0.0918504 0.2645275 0.1981496 0 P 0
L 0.2900393 0.0851969 0.2900393 0.2348032 0 P 0
L 0.2900393 0.0851969 0.4199606 0.0851969 0 P 0
L 0.2900393 0.2348032 0.4199606 0.2348032 0 P 0
L 0.3353149 0.16 0.374685 0.16 1 P 0
L 0.355 0.140315 0.355 0.179685 1 P 0
L 0.4199606 0.0851969 0.4199606 0.2348032 0 P 0
L 0.4454724 0.1518503 0.4454724 0.2581496 0 P 0
L 0.4454724 0.1518503 0.5045275 0.1518503 0 P 0
L 0.4454724 0.2581496 0.5045275 0.2581496 0 P 0
L 0.4454724 0.2618503 0.4454724 0.3681496 0 P 0
L 0.4454724 0.2618503 0.5045275 0.2618503 0 P 0
L 0.4454724 0.3681496 0.5045275 0.3681496 0 P 0
L 0.4454725 0.3718504 0.4454725 0.4781497 0 P 0
L 0.4454725 0.3718504 0.5045276 0.3718504 0 P 0
L 0.4454725 0.4781497 0.5045276 0.4781497 0 P 0
L 0.4562992 0.205 0.4937008 0.205 1 P 0
L 0.4562992 0.315 0.4937008 0.315 1 P 0
L 0.4562992 0.425 0.4937008 0.425 1 P 0
L 0.475 0.1862992 0.475 0.2237007 1 P 0
L 0.475 0.2962992 0.475 0.3337007 1 P 0
L 0.475 0.4062993 0.475 0.4437008 1 P 0
L 0.4933858 0.3988189 0.4933858 0.4468504 0 P 0
L 0.4933858 0.4468504 0.5172047 0.4468504 0 P 0
L 0.4933858 0.5177165 0.4933858 0.6295276 0 P 0
L 0.4933858 0.5177165 0.5172047 0.5177165 0 P 0
L 0.5045275 0.1518503 0.5045275 0.2581496 0 P 0
L 0.5045275 0.2618503 0.5045275 0.3681496 0 P 0
L 0.5045276 0.3718504 0.5045276 0.4781497 0 P 0
L 0.5172047 0.4468504 0.5172047 0.5177165 0 P 0
