#Layer_Color=16711935
#
#Feature symbol names
#
$0 r11.811
$1 r3.937
$2 r5

#
#Feature attribute names
#

#
#Layer features
#
A 0.3946457 0.3083071 0.3946457 0.3083071 0.3907087 0.3083071 0 P 0 N
A 0.3946457 0.3083071 0.3946457 0.3083071 0.3907087 0.3083071 0 P 0 N
A 0.435315 0.325 0.435315 0.325 0.33 0.325 1 P 0 N
A 0.5902756 0.3455905 0.5902756 0.3455905 0.5705906 0.3455905 1 P 0 N
L 0.1202656 0.3255511 0.1202656 0.3944488 1 P 0
L 0.1202656 0.3255511 0.1576672 0.3255511 1 P 0
L 0.1202656 0.3944488 0.1576672 0.3944488 1 P 0
L 0.1576672 0.3255511 0.1576672 0.3944488 1 P 0
L 0.1761418 0.0736614 0.1761418 0.2646063 2 P 0
L 0.1761418 0.0736614 0.1761418 0.2646063 2 P 0
L 0.1761418 0.0736614 0.4832284 0.0736614 2 P 0
L 0.1761418 0.0736614 0.4832284 0.0736614 2 P 0
L 0.1761418 0.2646063 0.4832284 0.2646063 2 P 0
L 0.1761418 0.2646063 0.4832284 0.2646063 2 P 0
L 0.1893503 0.4781102 0.1893503 0.5450394 1 P 0
L 0.1893503 0.4781102 0.3074605 0.4781102 1 P 0
L 0.1893503 0.5450394 0.3074605 0.5450394 1 P 0
L 0.1912992 0.3253838 0.1912992 0.3942814 1 P 0
L 0.1912992 0.3253838 0.2287007 0.3253838 1 P 0
L 0.1912992 0.3942814 0.2287007 0.3942814 1 P 0
L 0.1962992 0.4955512 0.1962992 0.5644488 1 P 0
L 0.1962992 0.4955512 0.2337007 0.4955512 1 P 0
L 0.1962992 0.5644488 0.2337007 0.5644488 1 P 0
L 0.2287007 0.3253838 0.2287007 0.3942814 1 P 0
L 0.2337007 0.4955512 0.2337007 0.5644488 1 P 0
L 0.3074605 0.4781102 0.3074605 0.5450394 1 P 0
L 0.3153344 0.3686907 0.3153344 0.4060923 1 P 0
L 0.3153344 0.3686907 0.3842321 0.3686907 1 P 0
L 0.3153344 0.4060923 0.3842321 0.4060923 1 P 0
L 0.3460137 0.4781101 0.3460137 0.5450393 1 P 0
L 0.3460137 0.4781101 0.4641239 0.4781101 1 P 0
L 0.3460137 0.5450393 0.4641239 0.5450393 1 P 0
L 0.3842321 0.3686907 0.3842321 0.4060923 1 P 0
L 0.3875 0.2375 0.415 0.21 1 P 0
L 0.415 0.21 0.42 0.21 1 P 0
L 0.4175 0.2675 0.445 0.24 1 P 0
L 0.42 0.21 0.445 0.235 1 P 0
L 0.4212992 0.4974115 0.4212992 0.5663091 1 P 0
L 0.4212992 0.4974115 0.4587007 0.4974115 1 P 0
L 0.4212992 0.5663091 0.4587007 0.5663091 1 P 0
L 0.4257381 0.3293206 0.4257381 0.3982183 1 P 0
L 0.4257381 0.3293206 0.4631397 0.3293206 1 P 0
L 0.4257381 0.3982183 0.4631397 0.3982183 1 P 0
L 0.445 0.235 0.445 0.24 1 P 0
L 0.4587007 0.4974115 0.4587007 0.5663091 1 P 0
L 0.4631397 0.3293206 0.4631397 0.3982183 1 P 0
L 0.4641239 0.4781101 0.4641239 0.5450393 1 P 0
L 0.4832284 0.0736614 0.4832284 0.2646063 2 P 0
L 0.4832284 0.0736614 0.4832284 0.2646063 2 P 0
L 0.4839764 0.2589764 0.4839764 0.3810236 1 P 0
L 0.4839764 0.2589764 0.6060236 0.2589764 1 P 0
L 0.4839764 0.3810236 0.6060236 0.3810236 1 P 0
L 0.5046457 0.3962992 0.5046457 0.4337008 1 P 0
L 0.5046457 0.3962992 0.5735434 0.3962992 1 P 0
L 0.5046457 0.4337008 0.5735434 0.4337008 1 P 0
L 0.5105512 0.2412992 0.5105512 0.2787007 1 P 0
L 0.5105512 0.2412992 0.5794488 0.2412992 1 P 0
L 0.5105512 0.2787007 0.5794488 0.2787007 1 P 0
L 0.5105512 0.3252656 0.5105512 0.3626671 1 P 0
L 0.5105512 0.3252656 0.5794488 0.3252656 1 P 0
L 0.5105512 0.3626671 0.5794488 0.3626671 1 P 0
L 0.5735434 0.3962992 0.5735434 0.4337008 1 P 0
L 0.5794488 0.2412992 0.5794488 0.2787007 1 P 0
L 0.5794488 0.3252656 0.5794488 0.3626671 1 P 0
L 0.6060236 0.2589764 0.6060236 0.3810236 1 P 0
